a<-c(1,2,3,4,5)
b<-c(10,20,30,40,50)
fac <- factor(a)
f<-factor(a,b)
f
